Merlet 90 150
Chanrossa 147 101
Signal 87 239
Praline 128 377
Mugnier 175 251
Bel-air 189 309
Stade 233 408
Bosse 251 346
Prameruel 295 302
Creux 306 186
Courchevel-1650 371 466
Creux-noirs 453 31
Vizelle 488 92
Pralong 436 344
Saulire 535 81
Verdons 532 255
Lac 525 355
Jardin 555 401
Courchevel-1550 550 499
Chenus 658 261
Loze-1 664 300
Loze-2 756 243
St-bon 636 574
Le-praz 784 516
Praz-juguet 775 349
Folyeres 841 401
Tania 948 479
1 102 176
2 134 185
3 180 112
4 164 269
5 163 296
6 161 310
7 211 365
8 246 303
9 262 278
10 240 271
11 281 420
12 323 435
14 353 140
15 352 214
16 366 230
17 414 149
19 444 110
20 452 97
21 506 104
22 526 140
23 564 183
24 545 197
25 546 215
26 465 220
27 429 278
28 467 299
29 561 336
30 566 370
31 632 430
32 654 451
33 667 349
34 620 270
35 733 322
36 743 342
37 788 403
38 815 483
39 720 516
40 705 496